twitch,3
twitch,33
twitch,41
twitch,56
twitch,146
twitch,200
twitch,695
twitch,723
twitch,767
twitch,828
twitch,977
twitch,1230
twitch,1435
twitch,1500
